-49918.5000
-2868576.0000
-2886224.0000
-5457872.0000
-5462224.0000
-7554560.0000
-7552384.0000
-8717888.0000
-8578368.0000
-5058624.0000
-5113472.0000
-5435264.0000
-5516032.0000
-8728320.0000
-8764928.0000
-11679744.0000
-11703936.0000
-14892544.0000
-14914816.0000
-17743872.0000
-17761280.0000
-20256384.0000
-20275072.0000
-22780416.0000
-22936960.0000
-25208448.0000
-25314560.0000
-26988288.0000
-26976768.0000
-27032576.0000
-27022848.0000
-26789376.0000
-26713856.0000
-23602176.0000
-23670528.0000
-25627136.0000
-25646592.0000
-26933248.0000
-27061760.0000
-29019648.0000
-29125888.0000
-30892032.0000
-30998016.0000
-32783616.0000
-32871936.0000
-34407680.0000
-34526208.0000
-36414464.0000
-36283392.0000
-32416512.0000
-32380416.0000
-30379520.0000
-30384128.0000
-29184512.0000
-29123584.0000
-26960896.0000
-26925568.0000
-24903680.0000
-24908800.0000
-23904256.0000
-23956480.0000
-25902592.0000
-25930752.0000
-27343360.0000
-27329536.0000
-27726848.0000
-27766784.0000
-30596608.0000
-30624256.0000
-32960512.0000
-32717824.0000
-26409984.0000
-26358272.0000
-25444352.0000
-25392128.0000
-21791744.0000
-21836800.0000
-20201472.0000
-20301824.0000
-21151744.0000
-20976640.0000
-12659712.0000
-12667904.0000
-11584512.0000
-11639808.0000
-13395968.0000
-13454336.0000
-16734208.0000
-16806912.0000
-19395584.0000
-19465216.0000
-22048768.0000
-22083584.0000
-24750080.0000
-24735744.0000
-28980224.0000
-28941312.0000
-28233728.0000
-28209152.0000
-27001856.0000
-27018240.0000
-24386560.0000
-24376320.0000
-24333312.0000
-24338432.0000
-24934400.0000
-24991744.0000
-26980352.0000
-27041792.0000
-29210624.0000
-29267968.0000
-31731712.0000
-31764480.0000
-34750464.0000
-34779136.0000
-37525504.0000
-37548032.0000
-41302016.0000
-41324544.0000
-44623872.0000
-44640256.0000
-48699392.0000
-48713728.0000
-51664896.0000
-51668992.0000
-54341632.0000
-54556672.0000
-57352192.0000
-57368576.0000
-59277312.0000
-59299840.0000
-61841408.0000
-61870080.0000
-65071104.0000
-65091584.0000
-67694592.0000
-67713024.0000
-69920768.0000
-69847040.0000
-66439168.0000
-66412544.0000
-64686080.0000
-64657408.0000
-62758912.0000
-62722048.0000
-61026304.0000
-61042688.0000
-60243968.0000
-60198912.0000
-55527424.0000
-55496704.0000
-53684224.0000
-53620736.0000
-46643200.0000
-46561280.0000
-44560384.0000
-44605440.0000
-46368768.0000
-46426112.0000
-48713728.0000
-48744448.0000
-51279872.0000
-51302400.0000
-54063104.0000
-54079488.0000
-57210880.0000
-57229312.0000
-61120512.0000
-61143040.0000
-64788480.0000
-64811008.0000
-67659776.0000
-67678208.0000
-70932480.0000
-70955008.0000
-73897984.0000
-73922560.0000
-76955648.0000
-76974080.0000
-79529984.0000
-79554560.0000
-82546688.0000
-82565120.0000
-85012480.0000
-85016576.0000
-86329344.0000
-86347776.0000
-88737792.0000
-88860672.0000
-90804224.0000
-90793984.0000
-91289600.0000
-91328512.0000
-92178432.0000
-92149760.0000
-90591232.0000
-90537984.0000
-88479744.0000
-88344576.0000
-84672512.0000
-84631552.0000
-82878464.0000
-82644992.0000
-79745024.0000
-79804416.0000
-81092608.0000
-81123328.0000
-83023872.0000
-83068928.0000
-85571584.0000
-85594112.0000
-87863296.0000
-87877632.0000
-90488832.0000
-90464256.0000
-90646528.0000
-90537984.0000
-87744512.0000
-87699456.0000
-86777856.0000
-86745088.0000
-83947520.0000
-83976192.0000
-83329024.0000
-83351552.0000
-84570112.0000
-84627456.0000
-86566912.0000
-86605824.0000
-89178112.0000
-89227264.0000
-92024832.0000
-92041216.0000
-94017536.0000
-93835264.0000
-90882048.0000
-90857472.0000
-89559040.0000
-89591808.0000
-88522752.0000
